0 41561 32628 22214 20332 38896 16025 23202 24001 36560 318 21698 22759 27034 54705 50630 37837 34790 33889 675 26449 23210 83291 75888 71771 78204 41021 81921 77553 78825 46482 19872 16134 50417 27838 67662 63130 57342 17240 22214 57566 22743 19318 25318 30576 18354 40888 46612 46992 58416 66231 17582 37964 47726 64968 46293 57958 43103 64008 76211 26760 20334 83756 82742 44717 22921 22513 48324 22689 30376 20310 47126 22270 19162 54823 46230 19842 22607 39499 21558 29194 39649 35725 53978 29578 25333 21451 1327 80435 35401 75391 29880 22309 43455 60141 48104 70728 21735 45558 21907 33026 38241 40005 52025 43839 23058 46795 14170 30528 54690 80652 44163 20734 29208 64701 27899 83465 42117 30882 26861 42644 83811 24123 80501 46854 20657 22053 25323 18799 30233 33231 84389 64855 35060 22566 28587 46795 46605 36341 30447 45891 63911 81819 47061 35680 19484 24452 33054 70711 50314 83488 22506 85310 26822 35289 35289 36969 41795 24047 49355 22313 22160 26755 21965 23390 23391 29017 21899 44578 20456 80501 18485 32931 44489 33439 31010
41561 0 14980 32023 44064 5367 40623 59846 31911 7094 41684 58342 30844 19035 46857 45045 11512 27779 25177 40924 42739 31270 74703 73873 63923 73753 5136 73193 70557 88395 62465 28091 45070 41756 42335 66434 41738 46935 24635 32023 21731 26717 55962 21889 48967 58143 5229 65469 53780 26275 58892 37174 50130 47792 57245 63021 25817 49891 40600 70962 18937 26497 75168 74154 45921 26204 17392 42739 21601 22430 34377 44566 38447 34476 21347 10886 27333 24957 53491 53376 48781 53231 14134 46131 44243 61977 53269 41689 71847 72045 67230 22642 30070 33047 70953 37696 44018 58379 61119 30390 55796 27507 64347 64118 36317 21812 65651 39286 22280 48084 72805 56439 27955 48795 74271 42174 74877 67303 30578 42422 36487 75223 26312 71648 58051 30838 31862 19076 32901 45039 48422 75801 41741 4828 35110 43233 65651 9879 7581 45093 58254 67956 79210 7528 45876 58483 61096 35417 62863 20276 74900 53194 97403 27721 71933 71933 70375 53889 34184 61463 35315 29231 27484 31473 22030 28915 45496 58543 57279 19450 71648 36720 66338 36642 31772 58832
32628 14980 0 20738 32780 10042 29339 49306 18127 7404 32751 47802 17513 6121 32411 30598 5145 13332 10731 31990 29854 18598 60256 53593 49477 55910 19723 58747 56111 70168 48652 27121 34531 27309 29498 45368 33704 32488 15702 20738 25579 15100 45422 9225 37124 47603 19816 51656 38097 26086 44446 25889 34446 33345 41881 49208 25629 34208 31678 53917 6241 15012 60721 59707 31474 14588 10872 28292 20912 7984 23093 30119 27163 23191 22493 17265 26328 13268 39321 48555 37496 39060 3395 31684 30073 51437 48448 32756 57400 61505 52784 8195 18785 18601 55270 23250 38398 47839 47306 19105 44512 13060 53063 48434 21870 11449 51838 28471 7834 33638 58358 42268 16634 37510 55385 28966 60430 55758 16132 29143 22040 60776 12528 57201 42368 19517 20578 23547 21617 31467 34714 61354 32525 12145 21325 29631 51838 17640 15891 31385 42571 53510 59524 20479 31705 47944 50556 19733 48416 17984 60453 50099 81720 13937 61394 61394 59091 38205 20400 47293 21531 17909 13700 20188 10883 17593 32777 48004 43108 12930 57201 25435 55053 22195 17326 58007
22214 32023 20738 0 12847 29357 9450 31686 3416 27021 22175 30182 2174 14620 34121 30045 24199 14205 17419 22819 11522 2625 66500 55303 51187 57619 36765 65130 57887 62035 31247 26223 15834 29832 11117 47078 45394 36758 14184 0 43579 5322 27803 11347 17749 29984 36858 34251 30202 45986 46565 5956 21173 30935 44383 31803 43629 26313 48766 55627 14824 5782 66966 65952 27927 6227 17475 27739 22981 14055 3159 29293 7230 3270 40493 36691 25813 7653 23842 40495 17563 23993 22449 33394 13214 32231 40388 23573 63644 41850 55725 14104 2275 22870 43350 27519 55486 30219 29901 1873 24579 19968 33129 35234 23254 11170 34433 9092 14287 34106 60068 27912 4058 17577 47911 10956 66675 36086 10297 11205 22059 67020 6907 63710 30064 2702 481 25615 2238 13821 17205 67599 49613 26208 4504 12015 34433 37066 29531 13876 29268 47120 61234 37522 18890 30324 31824 12469 50126 35984 66698 42666 68520 6435 41865 41865 39158 25005 5396 33104 4463 3203 6368 1188 10784 3357 14278 30384 28816 17400 63710 5502 35120 23905 12854 49947
20332 44064 32780 12847 0 41399 4466 19618 15184 39063 20293 18446 13942 26662 43202 39108 35980 23647 29187 20937 9447 14393 71592 69117 60268 66701 48807 70222 65855 64767 27310 35210 8198 38913 12957 56159 54476 45839 23171 12847 55360 17364 16289 23389 12449 20621 48900 25997 34879 57766 54533 6691 23905 35613 53465 27121 55410 30990 60547 64708 26865 17824 72057 71044 32604 18269 27622 36802 31968 25823 9706 35013 7267 10360 52274 48733 34800 19695 24245 41821 9437 24396 34230 42475 15037 19277 41714 21692 68736 28309 63693 25885 14134 31952 46112 36600 67267 18515 27348 13757 13269 27802 21820 36979 32336 23212 25777 7245 26055 43187 71311 28910 16099 9451 50643 13180 71767 24227 19442 11986 31141 72112 18949 68802 32796 13732 12504 34603 11550 14723 17978 72691 61394 38249 11577 13868 25777 49108 41573 15728 30637 49852 72270 49564 21621 19021 18870 19858 60265 47765 71790 42678 71282 18203 28266 28266 26837 27737 13058 34102 11324 15087 18135 12933 22826 15216 12330 18679 29325 26387 68802 8800 22800 32986 21999 51273
38896 5367 10042 29357 41399 0 37957 57180 29245 2622 39018 55676 28178 16369 44266 40838 6352 23572 20971 38258 40074 28605 72109 68659 64960 68538 10501 70599 67963 80408 59799 31433 42405 39109 39669 61219 36523 44289 21969 29357 20008 24051 53296 19223 46301 55477 10594 62803 48337 23567 56299 34508 44687 43585 52030 60355 23110 44448 33869 65747 16271 23831 72574 71560 41714 23538 16643 38532 24943 18224 31711 40359 35782 31810 18251 8672 30675 22292 49561 54326 46115 49300 7983 43539 40313 59311 54219 39023 69253 69379 64639 18435 27404 30401 65510 35050 40923 55713 58453 27724 53130 23300 61681 58674 29177 19146 62985 36620 18074 45438 73680 52508 25289 46129 65626 39206 72283 64638 26372 39757 29347 72629 23646 69054 52608 28172 29196 22418 30235 41707 44954 73207 34716 5460 32444 39871 62985 9047 10923 41625 52811 63750 73995 9765 41945 55818 58430 29973 60271 12315 72306 56536 91960 25055 69268 69268 67709 48445 31518 57533 32650 26565 24818 28807 19365 26249 42830 55878 53348 18701 69054 34054 63672 32435 27566 62175
16025 40623 29339 9450 4466 37957 0 22649 12905 35622 15987 21478 11664 23220 41309 37022 33702 21754 26908 16631 10424 12115 69092 66616 58375 64808 42794 67722 63354 64626 30617 30904 7559 37020 13324 54266 52583 43946 18865 9450 53082 13922 19321 19948 14710 21848 42887 30747 32793 55488 52032 4952 23765 33527 51572 30428 53131 28904 58268 62815 23424 14382 69557 68543 30518 14828 23316 34716 27661 23544 7428 32927 7205 6532 49996 45292 30493 16254 24985 37514 13329 25135 31952 40582 15064 22309 37407 17385 66236 31341 61193 23607 10875 30058 45942 34707 64988 21546 30170 10473 17161 25909 25711 37826 30442 20018 30929 2938 23776 41294 68811 29649 12658 13343 50502 13385 69266 28119 17549 12347 29248 69612 15507 66302 32656 9905 9560 30296 7722 15719 18717 70190 59116 34639 9684 14073 30929 45666 41314 15933 31377 49712 69770 46122 21481 22052 21902 17772 57765 45487 69289 38371 71111 15924 31298 31298 31075 27596 11165 34841 9431 11788 15857 10655 19384 11957 12992 21711 30064 22081 66302 5855 27038 31093 20106 46966
23202 59846 49306 31686 19618 57180 22649 0 33332 54844 23163 1947 32090 43187 62927 57414 53985 43372 47958 23807 27530 32541 86201 86244 83355 89215 61499 87064 82982 80280 29767 42690 17916 58639 31040 75884 74201 65564 37569 31686 73365 35649 4355 39915 24587 4257 61592 23588 50881 75771 71660 25793 41032 51593 73190 29578 73415 49295 78552 84433 43391 34403 87467 86686 50910 36561 42020 55107 46366 44445 29431 53318 27330 28543 70279 64514 42660 36676 39961 40279 21575 40111 52235 62201 33120 3050 39538 24561 85863 13223 80820 43949 32601 51677 61827 56326 85272 1902 33682 32200 17036 49883 17722 52694 52061 38619 24141 22559 44597 62912 88438 44625 34311 21589 66156 31263 85549 19833 39167 30069 50866 88032 38192 85929 49923 32770 32229 49001 29449 32742 33967 87958 79399 53344 31302 31951 24141 64889 60018 33041 46353 65251 89397 65345 38749 2546 2169 38871 77392 65770 85631 42021 83713 36954 13111 13111 14685 44864 32783 49817 31049 34273 36887 31296 38955 33684 29017 2178 45040 40785 85929 26784 10648 52711 41724 47155
24001 31911 18127 3416 15184 29245 12905 33332 0 26910 23962 31828 2359 12821 30736 26661 21941 11035 14249 24606 11727 1283 58591 51919 47802 54235 36654 57082 54503 61846 31058 28134 17480 26448 10928 43694 42010 33374 14770 3416 41321 4628 29449 10092 18997 31630 36747 34062 27449 42529 43181 8293 20984 28182 40999 31614 41370 23560 45310 52242 13025 6182 59056 58042 25287 4972 16551 24355 24892 10885 5497 25909 8568 5595 38235 36580 27724 6398 23653 42118 18456 23804 20191 30010 13025 34568 42011 25360 55735 41429 52341 11421 3134 19486 43161 24135 52030 31865 29712 3246 25046 16798 35986 35045 19870 11435 34244 10738 11117 30722 56684 27723 4458 18470 47722 10767 58765 37333 6913 11016 18675 59111 5765 55536 29875 4356 3256 27526 3884 13632 17016 59689 46157 26782 3198 11826 34244 36954 30105 13687 29079 46931 57850 37410 18701 31970 34161 9085 46742 33726 58788 44289 68331 4026 41444 41444 38737 24816 2735 32915 3404 4139 3958 2487 10220 3916 14089 32030 28627 18370 55536 7839 34699 20521 9470 51570
36560 7094 7404 27021 39063 2622 35622 54844 26910 0 36683 53340 25842 14034 42784 37468 4863 20202 17601 35922 37738 26269 67126 63966 59850 68347 12228 65617 62981 77038 55522 30557 40069 37627 37333 55741 36333 42806 19634 27021 21213 21716 50961 16888 43966 53142 12320 58526 44967 23377 51316 32173 41317 40215 51839 56079 22920 41078 33678 65557 13936 21496 67591 66578 38344 21203 14307 35162 24347 14854 29376 36989 33446 29474 19456 9877 29764 19956 46191 51990 43779 45930 5823 42057 36943 56975 51883 36688 64270 67043 63156 15066 25068 28919 62140 33568 40398 53377 54176 25388 50795 19930 59346 55305 27695 16810 58709 34284 14704 43956 68731 49138 22954 43793 62256 35836 67301 62302 23002 37421 27864 67646 21310 64072 49238 25837 26861 24464 27900 38337 41584 68224 34525 6773 30108 36501 58709 10251 10520 38255 49441 60380 69897 12149 38575 53482 56095 26604 58789 15275 67324 53535 88590 22719 66932 66932 65374 45075 29183 54163 30314 24229 22482 26471 17029 23913 40495 53542 49978 16365 64072 31718 61337 29065 24196 64220
318 41684 32751 22175 20293 39018 15987 23163 23962 36683 0 21659 22720 27156 54667 50591 37960 34751 34011 797 26411 23171 83252 75849 71733 78165 41144 81882 77515 78787 46444 19995 16096 50378 27800 67624 63252 57304 17363 22175 57689 22866 19280 25441 30537 18140 41010 46574 46954 58538 66193 17543 37925 47687 64929 46255 58081 43065 64131 76173 26883 20457 83717 82704 44679 23044 22636 48285 22812 30498 20271 47088 22231 19124 54946 46353 19965 22730 39460 21681 29156 39611 35848 53940 29539 25294 21574 1450 80396 35362 75353 30003 22270 43416 60102 48065 70851 21696 45519 21869 32988 38364 39966 51986 43800 23181 46756 14132 30651 54652 80614 44125 20857 29170 64663 27861 83427 42078 30843 26823 42605 83772 24246 80462 46816 20619 22015 25446 18760 30195 33193 84350 64978 35183 22528 28548 46756 46728 36464 30409 45852 63872 81780 47183 35641 19270 24414 33015 70672 50437 83450 22629 85272 26783 35251 35251 36930 41757 24009 49317 22275 22122 26716 21927 23512 23353 28979 21861 44540 20579 80462 18447 32893 44451 33400 31133
21698 58342 47802 30182 18446 55676 21478 1947 31828 53340 21659 0 30586 41684 61756 56242 52482 42617 46454 22303 26358 31037 85029 85072 82184 88044 59995 85893 81810 79108 30840 41186 16412 57467 29868 74713 73029 64393 36065 30182 71862 34145 3131 38411 23415 2559 60088 24661 49710 74268 70488 24621 39861 50421 72018 30651 71911 48124 77048 83262 41887 32899 86295 85514 49738 35057 40516 53936 44862 42941 28260 52147 26158 27371 68776 63010 41156 35172 38789 38581 20403 38940 50732 61029 31949 4122 37840 20291 84692 14021 79648 42445 31097 50505 60656 55154 83768 358 34754 30696 18109 48380 18794 51522 50889 37115 25213 21055 43093 61741 87267 43454 32807 20417 64984 30091 84377 20906 37995 28897 49694 86860 36688 84758 48751 31266 30357 47497 27945 31571 32796 86786 77896 51840 30131 30779 25213 63385 58514 31870 45181 64080 88225 63841 37577 786 3242 37700 76221 64267 84459 40323 85825 35450 13910 13910 15758 43692 31611 48645 29878 32769 35383 29792 37451 32180 27846 409 43869 39282 84758 25613 11721 51540 40552 45457
22759 30844 17513 2174 13942 28178 11664 32090 2359 25842 22720 30586 0 12207 32564 28489 21846 12100 15314 23364 11842 521 60418 53747 49630 56063 35586 58909 56330 61961 31173 26555 16238 28275 11044 45521 43838 35201 13191 2174 41226 4143 28207 10168 19112 30388 35679 34178 29276 43632 45008 7052 21100 30010 42827 31730 41275 25387 46413 54070 12411 4603 60884 59870 27114 5048 16296 26182 23312 11950 4255 27736 8325 4353 38140 35512 26144 6474 23769 40707 18659 23920 20096 31837 13140 33327 40600 24119 57563 42946 54168 11751 1466 21313 43277 25962 53133 30623 29828 1465 25674 17863 34225 35161 21698 9991 34360 9496 12182 32549 58511 27839 2878 18672 47837 10882 60593 37449 8740 11131 20503 60938 5510 57364 29991 2945 2014 25947 2642 13747 17131 61517 47260 25029 4011 11942 34360 35887 28352 13802 29195 47047 59677 36343 18816 30728 32919 10913 48569 33631 60616 42879 68447 4398 42960 42960 40253 24932 3720 33030 3970 2544 4330 1245 9605 2336 14205 30788 28743 16340 57364 6597 36216 22348 11297 50160
27034 19035 6121 14620 26662 16369 23220 43187 12821 14034 27156 41684 12207 0 35664 31589 11070 12030 10933 26396 24548 13293 63519 56847 52730 59163 23778 62009 59430 69305 43879 22643 28412 28596 23749 48622 37376 33775 10107 14620 31504 8982 39304 3107 31564 41485 23871 46883 34690 32011 48109 19771 31040 35424 43167 44436 31554 30801 38730 57170 305 8893 63984 62970 30215 8469 6714 29283 16434 6884 16974 30837 21045 17073 28418 23704 21850 7150 34401 44267 31378 34140 9320 34938 25153 45318 44159 27161 60663 55387 57269 6388 12667 19887 51863 24536 45450 41721 42533 12987 38393 14347 46944 45028 22384 5331 47066 22352 7634 35650 61612 37349 10515 31392 55181 23588 63693 49901 12414 23837 19077 64039 7222 60464 38961 13398 14459 19068 15498 26547 29794 64617 39577 13906 16019 24648 47066 24078 17229 26465 39164 54390 62778 24534 26786 41825 44438 16327 51670 23909 63716 45811 78313 8631 55275 55275 52972 34798 15094 42373 16225 11791 8394 14070 4765 11475 26911 41885 38189 8641 60464 19317 48935 25449 13608 53719
54705 46857 32411 34121 43202 44266 41309 62927 30736 42784 54667 61756 32564 35664 0 10670 37920 22490 24495 55310 37399 31971 31102 21798 17681 24114 51600 29593 25471 39481 48323 57192 48579 5156 33747 13573 22323 5124 42082 34121 43977 32314 59599 35119 41828 62334 51693 55082 15766 37708 13087 36697 25327 14547 10878 48447 37849 20183 32229 22122 35868 35310 31568 30554 19394 32658 42465 11093 52075 26539 35364 16070 36487 36300 41036 47770 56782 33857 33239 72822 43926 33096 35196 947 34322 62586 72715 56065 28246 67801 20988 26949 33339 13527 28005 9215 34371 61824 44263 33337 51356 19591 56376 27757 15331 37820 55264 41442 26695 1642 26563 29613 34290 44151 25427 33215 31277 59712 23810 34694 15136 31622 32523 28048 21238 35060 33960 54710 34588 35716 33520 32201 31350 44022 31427 33880 55264 48144 47769 33100 28032 23551 27729 51546 27857 62330 62179 24238 16621 42731 31300 74994 52706 30124 67815 67815 62707 23668 30102 28890 32524 34434 30501 33191 36606 34020 37026 61989 30861 44283 28048 36242 61009 10894 22333 82275
50630 45045 30598 30045 39108 40838 37022 57414 26661 37468 50591 56242 28489 31589 10670 0 33447 20322 22683 51235 30366 27895 32456 32970 29358 35791 49787 30947 28368 40096 39385 53117 44503 11050 26714 25074 32862 14006 38007 30045 50611 28239 54085 31044 33717 58417 49880 45039 7219 47667 17046 32622 17216 6275 22379 39509 47808 10347 42862 33623 31793 31235 32921 31908 9559 28582 38389 2306 48000 24727 31289 5584 31045 32224 44388 47129 52707 29782 23253 68747 36892 23110 31697 11390 27288 57073 68640 51989 29600 59690 26206 25136 29264 16607 27892 15110 45004 56310 35574 29262 44323 17779 48265 20767 16991 33745 45222 37367 24882 12102 36203 21802 30214 37118 25314 26181 32630 49141 19735 27660 15796 32976 28447 29401 14248 30985 29885 50635 30513 28682 25409 33554 41983 42210 27352 26847 45222 47504 45956 26067 20446 23438 37370 50906 19746 56816 56666 20162 24118 43016 32654 70918 52593 26048 59704 59704 54596 15557 26027 21901 28449 30359 26425 29116 32530 29944 29993 56475 22958 40208 29401 32167 53976 10253 18257 78199
37837 11512 5145 24199 35980 6352 33702 53985 21941 4863 37960 52482 21846 11070 37920 33447 0 16181 13580 37199 33668 22412 65763 59102 54986 64097 16646 64254 61618 73017 51501 31834 39210 32763 32347 50877 32083 37943 20911 24199 21065 18273 50102 14174 40938 52283 16739 54505 40946 21571 49953 29089 37295 36194 47335 52057 21114 37057 31872 61307 10463 19248 66228 65214 34323 18169 15584 31141 25624 10833 26293 32968 30363 26391 17979 12828 31041 17504 42170 53268 40397 41909 1630 37193 32922 56116 53160 37965 62907 66185 58293 11044 21642 24055 58119 28704 38592 52519 50155 21962 47712 15909 58262 51283 22831 16398 54687 31328 10683 39092 63867 45117 20366 40411 58234 31815 65937 58607 18981 32957 23001 66283 16861 62708 45217 23180 24039 28718 24474 34316 37563 66861 32720 11028 25139 32480 54687 13203 14775 34234 45420 56359 65033 15161 34554 52623 55236 22582 53925 13470 65960 54812 84569 17649 66073 66073 62291 41054 24214 50142 25345 21642 18033 22953 15833 21326 35626 52683 45957 17642 62708 28635 58254 25044 20175 62720
34790 27779 13332 14205 23647 23572 21754 43372 11035 20202 34751 42617 12100 12030 22490 20322 16181 0 4476 35395 19767 11507 50335 43672 39556 45989 32521 48826 46190 59891 38186 33459 28269 18249 19032 35447 32065 23429 19347 14205 35242 10861 40044 12384 27361 42418 32614 41190 23225 34113 34525 17142 22287 22796 32821 38742 30393 22048 36894 43996 12234 12866 50800 49786 18948 11204 19730 18016 29340 5552 16285 19570 16932 16384 29019 29666 33049 11122 28854 54237 26820 28594 14431 21763 19607 43032 54130 36149 47479 49794 42863 5680 12915 9541 43110 14190 43614 42654 36840 12874 33410 3720 44947 36274 9657 15085 41372 21527 5784 22475 48437 31767 12632 26834 45109 18500 50509 45292 4745 19979 8730 50855 9768 47280 30208 14454 14044 31975 14673 21001 24248 51433 37741 24943 11873 19165 41372 30040 28690 20919 30411 43233 49603 33278 20850 42759 42624 8005 38495 27647 50532 56409 69560 8670 49808 49808 47101 26045 10547 35616 12970 13612 9047 13275 13870 13004 22311 42819 32924 21548 47280 16688 43064 12274 3799 63690
33889 25177 10731 17419 29187 20971 26908 47958 14249 17601 34011 46454 15314 10933 24495 22683 13580 4476 0 33251 25976 14721 52340 45678 41561 47994 29920 50831 48195 62252 43751 33475 31483 19394 24597 37453 29836 24573 20939 17419 31055 12186 44074 11712 33246 46255 30013 46755 25859 29926 36530 22296 25918 25430 33965 44307 26205 25066 32706 46001 11137 13208 52806 51792 22316 12283 17546 20377 27265 3433 19499 22204 22817 19598 24832 27065 32682 11465 34419 54580 32705 34159 11830 23769 25172 48571 54473 34016 49485 60157 44868 3842 15556 10685 45640 15334 39426 46491 42405 16087 40918 5145 50512 39906 10801 14521 46937 24740 3589 25722 50443 35399 14305 32719 47470 24065 52515 50857 10659 25265 9874 52861 11097 49286 33839 17094 17258 29900 17886 26566 29813 53439 33554 22342 17448 24730 46937 27439 26089 26484 34042 45594 51609 30677 24765 46595 49208 12136 40501 23460 52538 56751 73192 11430 60045 60045 55497 29677 16522 39247 17654 15724 11946 16489 13955 15265 27876 46655 36555 19473 49286 21842 51460 14280 7796 64032
675 40924 31990 22819 20937 38258 16631 23807 24606 35922 797 22303 23364 26396 55310 51235 37199 35395 33251 0 27055 23815 83896 76493 72376 78809 40383 82526 78158 79430 47088 19234 16739 51022 28443 68268 62492 57947 16602 22819 56928 22105 19924 24680 31181 18380 40250 47217 47598 57778 66837 18187 38569 48331 65573 46898 57321 43708 63370 76816 26122 19696 84361 83347 45322 22283 21875 48929 22051 29738 20915 47731 22875 19767 54185 45592 19204 21969 40104 20887 29799 40255 35087 54584 30183 25938 20780 765 81040 36006 75997 29242 19973 44060 60746 48709 70090 22340 46163 22512 33631 37603 40610 52630 44444 22420 47400 14775 29890 55296 81258 44769 20096 29813 65306 28504 84070 42722 31487 27466 43249 84416 23485 81106 47460 18186 22658 24686 19404 30839 33836 84994 64217 34422 23171 29192 47400 45967 35703 31052 46496 64516 82424 46423 36285 19510 25058 33659 71316 49676 84093 21868 85915 24560 35895 35895 37574 42401 24652 49960 22918 19770 24493 22570 22752 21003 29623 19879 45184 19819 81106 19091 33536 45095 34044 30339
26449 42739 29854 11522 9447 40074 10424 27530 11727 37738 26411 26358 11842 24548 37399 30366 33668 19767 25976 27055 0 11397 62627 60152 57263 63124 47482 61257 56890 55802 22091 36772 17315 34028 3992 50653 49821 39585 24733 11522 53048 16039 24201 21385 8130 28533 47575 24166 24790 54257 45568 9164 14940 25501 47958 22647 53097 22248 55610 62480 24752 16499 63093 62079 23862 16265 28192 28060 33529 22612 8381 26271 4332 9400 49962 47408 36361 17691 15786 47938 9058 15937 31918 36969 6072 27189 47831 27809 59772 33315 54728 23148 12809 27297 37117 31946 62330 26427 20745 12432 16931 24896 25119 28520 27681 21887 24349 13362 22844 37681 62346 20451 14774 9284 41678 4215 62802 26466 15562 3021 26486 63148 17059 59837 23831 13251 11179 36164 12603 6521 9519 63726 55191 36924 8613 4903 24349 47783 40248 6763 22178 40887 63305 48239 12657 26932 26782 14099 51301 45453 62825 48795 62287 15771 33329 33329 31450 18772 9575 25643 8360 13762 15704 11608 21500 13891 3567 26591 20866 27949 59837 8709 26585 28332 17455 57390
23210 31270 18598 2625 14393 28605 12115 32541 1283 26269 23171 31037 521 13293 31971 27895 22412 11507 14721 23815 11397 0 59825 53153 49037 55469 36013 58316 55737 61516 30728 26981 16689 27682 10598 44928 43244 34608 13617 2625 41792 4529 28658 9992 18667 30839 36106 33732 28683 43001 44415 7503 20654 29417 42233 31284 41842 24794 45782 53477 13496 5030 60290 59277 26521 4872 16723 25589 23739 11357 4706 27143 8238 4804 38706 35939 26571 6298 23323 41134 18126 23474 20662 31244 12695 33778 41027 24569 56969 43397 53575 11893 1893 20720 42832 25369 52502 31074 29382 1892 26125 17270 35656 34715 21104 10418 33914 9947 11589 31956 57918 27393 3305 18140 47392 10437 59999 37003 8147 10686 19909 60345 5666 56770 29545 3372 2465 26374 3093 13302 16686 60923 46629 25455 3565 11497 33914 36314 28779 13357 28750 46601 59084 36770 18371 31179 33370 10319 47976 34197 60023 43305 68001 4496 43411 43411 40704 24486 3168 32585 3524 2971 4428 1696 10032 2763 13759 31239 28297 16767 56770 7048 36667 21755 10704 50586
83291 74703 60256 66500 71592 72109 69092 86201 58591 67126 83252 85029 60418 63519 31102 32456 65763 50335 52340 83896 62627 59825 0 15239 18468 18570 79445 1385 6490 11673 60399 85047 76948 32999 58975 21051 45613 34694 69937 66500 63446 60168 82872 62974 61614 87204 79538 67157 37272 60566 15903 65796 47759 33528 29323 60523 60915 41332 44873 20448 63723 63165 1481 846 38307 60512 70319 34235 79930 54384 64801 34982 63114 65821 64034 73589 84636 61712 45641 104779 64698 45497 63039 31329 57173 85860 104672 84650 2863 81653 10084 54794 61193 41370 23517 37058 48657 85098 56339 61192 72403 47436 72426 34605 43174 65675 67340 71148 54540 32022 11357 41688 62144 64924 19038 58443 398 71788 51665 59922 42979 2045 60377 3369 37837 62914 66158 82564 62443 57253 52754 1971 45409 71867 63198 58297 67340 74506 75614 56857 40594 21618 11432 78341 50296 85604 85453 55096 16635 69657 421 105636 37493 57978 81668 81668 78255 44598 62639 37316 62945 62288 58355 61045 64460 61874 59150 85263 42936 72137 3369 65342 79463 38740 50187 114232
75888 73873 53593 55303 69117 68659 66616 86244 51919 63966 75849 85072 53747 56847 21798 32970 59102 43672 45678 76493 60152 53153 15239 0 4416 3567 74412 13455 9703 26817 64153 78375 69761 26339 56500 8313 32389 25123 63265 55303 50222 53497 82915 56302 61657 87247 74504 70911 34797 47342 14944 57879 45284 32702 16596 64277 47691 38035 31648 5446 57051 56493 14909 14083 37481 53840 63647 34749 73258 47722 56547 34156 60639 57482 50810 60365 77965 55040 49069 94005 64741 48925 56379 22025 54697 85903 93898 77247 12618 85407 6402 48131 54522 34710 33265 30398 35433 85141 60093 54520 72446 40774 76180 39969 36513 59003 71094 62625 47878 22718 5726 45443 55472 64966 29192 55968 15413 75542 44993 57447 36319 14614 53705 11937 37068 56243 55143 75893 55771 54778 53349 15542 32185 65205 52610 55821 71094 61282 68951 54382 43862 27156 5572 65117 47821 85647 85496 45420 9008 56433 15436 96176 52637 51306 85422 85422 82009 42123 51285 42905 53707 55616 51683 54374 57788 55202 57759 85305 46691 65466 11937 57425 82268 32077 43515 103457
71771 63923 49477 51187 60268 64960 58375 83355 47802 59850 71733 82184 49630 52730 17681 29358 54986 39556 41561 72376 57263 49037 18468 4416 0 6733 70713 16684 12932 30046 61265 74258 65645 22222 53611 4196 28690 21007 59148 51187 46523 49380 80027 52185 58768 79400 70806 68023 31908 43643 12055 53763 42395 29814 12480 61389 43993 35146 27950 5516 52934 52376 18138 17311 34592 49724 59531 28456 69141 43605 52430 31267 53553 53365 47111 56666 73848 50923 46180 89888 61852 46037 52262 17908 51809 83014 89781 73131 15847 82519 9631 44015 50405 30593 34181 26281 31734 82252 57204 50403 69557 36657 73291 38994 32397 54886 68205 58508 43761 18601 9438 42554 51356 62078 31115 53079 18642 72653 40876 54558 32202 17843 49589 15166 34179 52126 51026 71776 51654 51889 50460 18771 28486 61088 48493 52933 68205 57583 64835 51493 40973 28099 9753 61418 44932 82758 82607 41304 5968 52734 18665 92060 58394 47190 82533 82533 79121 39234 47168 41930 49590 51500 47567 50257 53672 51086 54870 82417 43802 61349 15166 53308 79379 27960 39399 99341
78204 73753 55910 57619 66701 68538 64808 89215 54235 68347 78165 88044 56063 59163 24114 35791 64097 45989 47994 78809 63124 55469 18570 3567 6733 0 74291 16786 13035 30148 67125 80691 72078 28655 59471 10629 32268 27844 65581 57619 50101 55813 85887 58618 64628 90219 74384 73883 37769 47222 17915 60196 48256 35674 19316 67249 47571 41006 31528 2794 59367 58809 18240 17414 40452 56156 65963 34888 75574 50038 58863 37127 63611 59798 50689 60244 80281 57356 52040 96321 67712 51897 63814 24341 57669 88875 96214 79564 15949 88379 9733 50448 56838 37026 36596 32714 35677 88112 63065 56836 75417 43090 79151 43300 38830 61319 74065 64941 50194 25034 7598 48414 57789 67938 32523 58939 18744 78513 47309 60418 38635 17945 56022 15268 40039 58559 57459 78209 58087 57750 56320 18873 32064 67521 54926 58793 74065 61161 71267 57353 46833 30487 6936 64996 50792 88618 88467 47737 11980 56312 18767 98492 55968 53623 88393 88393 84981 45094 53601 46236 56023 57933 53999 56690 60104 57519 60731 88277 49662 67782 15268 59741 85239 34393 45831 105773
41021 5136 19723 36765 48807 10501 42794 61499 36654 12228 41144 59995 35586 23778 51600 49787 16646 32521 29920 40383 47482 36013 79445 74412 70713 74291 0 77936 75300 93138 67207 25269 46724 46498 47078 66972 50452 51678 26288 36765 24010 31460 57616 26632 53710 59797 135 70211 58523 28554 63635 41917 54873 52534 62143 67764 28097 54634 42879 71500 23680 31240 79911 78897 50663 30947 20788 47481 18779 27173 39120 49308 43190 39218 23626 15282 24510 29700 58234 50554 53523 57973 18877 50873 48986 63630 50447 41149 76589 73698 71973 27385 34812 37790 75696 42439 46297 60032 65862 35132 60539 32249 69090 68860 41060 26554 70394 40939 27023 52827 79433 61182 32698 53537 79013 46916 79620 72046 35321 47165 41229 79965 31054 76391 62794 35581 36605 16254 37644 49781 53165 80544 44020 8224 39852 47976 70394 14275 6070 49836 62997 72699 79748 11924 50618 60137 62750 40159 67606 22555 79643 49561 102146 32463 73587 73587 75118 58631 38927 66206 40058 33973 32226 36216 26773 33658 50239 60197 62022 22846 76391 41462 71081 41384 36515 55200
81921 73193 58747 65130 70222 70599 67722 87064 57082 65617 81882 85893 58909 62009 29593 30947 64254 48826 50831 82526 61257 58316 1385 13455 16684 16786 77936 0 4841 13018 61263 83537 75578 31490 57605 19267 43829 33185 68427 65130 61662 58659 83736 61465 62477 88068 78029 68021 35902 58782 14394 64426 46390 32019 27539 61387 59131 39962 43089 18664 62213 61655 1454 627 36797 59003 68810 32726 78421 52875 63431 33473 61745 64451 62250 71805 83127 60202 46504 103409 65561 46361 61530 29820 55803 86724 103302 83280 2025 82517 8300 53285 59684 39861 24380 35549 46873 85961 57202 59683 73267 45927 73289 35468 41665 64166 68203 69778 53031 30513 9972 42552 60635 65787 19901 57073 1742 72651 50156 58552 41470 1499 58868 1585 38173 61405 64788 81055 60933 55883 53618 2087 43625 70358 61828 56927 68203 72722 74105 55487 41458 22482 10047 76557 48926 86467 86317 53726 15126 67873 1765 104266 38838 56469 82531 82531 79119 43228 61269 38179 61575 60779 56846 59536 62951 60365 58864 86126 43800 70628 1585 63972 80327 37230 48678 112862
77553 70557 56111 57887 65855 67963 63354 82982 54503 62981 77515 81810 56330 59430 25471 28368 61618 46190 48195 78158 56890 55737 6490 9703 12932 13035 75300 4841 0 18068 60514 80958 71211 28854 53238 15516 40077 29063 65848 57887 57911 56080 79653 58886 58395 83985 75393 67272 31535 55031 11682 60059 42022 29440 24033 60638 55380 34773 39337 14913 59634 59076 6296 5469 34218 56424 66231 30147 75842 50239 59064 30894 57377 60083 58499 68053 80548 57623 45756 99042 61479 45612 58894 25698 51435 82641 98935 78913 3634 81768 3477 50649 57105 37225 27156 32913 43122 81879 56454 57104 69184 43291 72541 36296 39029 61587 67455 65410 50395 26391 6878 41803 58056 61704 23083 52706 6664 71903 47577 54185 38834 6327 56289 3296 33806 58826 57726 78476 58354 51516 50086 6929 39874 67722 57460 52559 67455 68971 71468 51120 40709 21597 7837 72806 44559 82384 82234 49359 10536 64122 6687 98760 43888 53890 81783 81783 78370 38861 53868 39007 57207 58200 54267 56957 60372 57786 54497 82043 43051 68049 3296 59604 79578 34594 46099 108494
78825 88395 70168 62035 64767 80408 64626 80280 61846 77038 78787 79108 61961 69305 39481 40096 73017 59891 62252 79430 55802 61516 11673 26817 30046 30148 93138 13018 18068 0 54478 87285 72483 43247 52150 32629 57191 44808 75246 62035 75024 64380 76951 68804 55693 81283 93230 61205 34956 72144 26213 61331 40934 35900 40901 54602 72494 41000 56451 32026 69509 67012 13067 12479 41856 64724 76149 41875 84042 64932 60336 42622 57831 61355 75612 86699 86874 66167 39720 100314 58777 39576 71267 40354 50347 79939 100207 80185 14441 76319 21662 65059 63322 51618 17729 47306 60235 79177 50418 62945 66482 57348 67091 28684 53422 70598 61917 66682 65164 41049 22990 35767 65287 59002 14635 51618 11713 65888 56746 53096 53227 13713 64589 14947 31916 63764 61692 86677 63116 50428 46833 14412 56987 83265 58732 51471 61917 87073 86589 50031 34673 17203 23065 90475 43471 79683 79532 53412 28213 82585 11736 101171 25986 62190 76333 76333 72921 37773 59701 31395 58479 64275 62567 62122 69383 64404 53229 79341 37015 77967 14947 60876 74129 48988 56601 109766
46482 62465 48652 31247 27310 59799 30617 29767 31058 55522 46444 30840 31173 43879 48323 39385 51501 38186 43751 47088 22091 30728 60399 64153 61265 67125 67207 61263 60514 54478 0 56497 35280 47045 20543 61435 67200 53374 44458 31247 70881 35253 32307 40716 16309 33106 67300 6825 34115 72517 49569 29409 24485 32674 59092 211 68796 30499 72989 66481 44083 36224 61665 60884 33344 35597 47917 37079 53255 40872 28414 33801 25527 29433 67795 67133 56086 37022 16136 67971 17945 16287 49751 49196 18858 28255 67864 47842 60528 21321 58933 41000 32534 44676 36025 49325 79709 30545 3981 32157 18854 41573 12094 26985 45060 41612 7008 33395 41105 49892 66551 18748 34499 18171 40354 20419 59747 11455 33981 20486 43865 62230 36390 60593 27536 32976 30904 55889 32328 17418 17380 62156 72571 56650 27944 19739 7008 67508 59973 17717 20551 39450 67510 67964 22201 31038 27819 30777 55302 63286 59829 68828 54755 35102 21336 21336 17923 24578 28906 24108 27692 33487 35035 31334 41226 33616 18911 30802 17482 47674 60593 28955 19131 43833 34132 76003
19872 28091 27121 26223 35210 31433 30904 42690 28134 30557 19995 41186 26555 22643 57192 53117 31834 33459 33475 19234 36772 26981 85047 78375 74258 80691 25269 83537 80958 87285 56497 0 31451 52904 36367 70150 59576 59263 13492 26223 48333 25124 38806 23165 42999 37577 25136 59501 54678 52877 69637 30286 46423 55412 67455 57053 52420 50789 58501 78698 22370 22581 85512 84498 51743 24612 16067 50811 7597 29426 28409 52365 32480 28508 47949 38444 799 23779 49092 25886 42813 49243 30218 56466 38464 44821 25779 20000 82191 54889 78797 28930 25330 45375 68600 50024 65221 41223 55151 24898 48618 36889 57169 60484 45759 19961 59683 29048 30176 57178 83140 53162 23678 42827 73161 36206 85221 59576 33368 36455 44564 85567 25295 81992 55314 23543 26062 9241 25703 39071 42455 86145 59348 26886 29754 37265 59683 37437 20589 39126 54518 72370 84306 35086 44140 41327 43940 36315 73198 44807 85244 27280 93770 27181 54777 54777 56456 50255 29825 58354 29713 24348 26804 25857 20612 24585 39528 41387 54066 14373 81992 30752 52419 46977 35136 35338
16134 45070 34531 15834 8198 42405 7559 17916 17480 40069 16096 16412 16238 28412 48579 44503 39210 28269 31483 16739 17315 16689 76948 69761 65645 72078 46724 75578 71211 72483 35280 31451 0 44290 20517 61536 59852 51216 22794 15834 58590 19797 15068 25140 20419 16214 46817 33457 40650 60996 59889 11969 31621 41384 58841 35091 58640 36761 63777 70085 28616 19628 77414 76400 38375 20702 27245 42197 31591 28471 14697 40784 15061 13550 55504 49739 32570 21901 31798 37623 17407 31949 37460 47852 22597 18179 37516 17494 74093 30115 69049 27975 16749 37328 53799 41977 70497 16449 37061 16348 20728 34031 29279 44531 37712 23844 33237 6707 28623 48564 76667 36462 18532 17421 58359 20740 77123 31687 24819 19546 36517 77469 21382 74158 40512 15779 16009 34225 13597 23046 25530 78047 64624 38569 16954 21428 33237 50114 45243 23288 38190 57568 77626 50570 29338 16554 17771 26515 65622 50995 77146 38480 78968 21102 30004 30004 28796 35453 18435 41654 16701 17663 21035 15444 24180 17832 19883 16614 36877 26010 74158 12873 24758 38363 27376 47075
50417 41756 27309 29832 38913 39109 37020 58639 26448 37627 50378 57467 28275 28596 5156 11050 32763 18249 19394 51022 34028 27682 32999 26339 22222 28655 46498 31490 28854 43247 47045 52904 44290 0 30376 18113 25658 6802 37794 29832 41351 28025 55310 30831 39412 58045 46591 50460 16899 39822 17189 32408 24876 16470 15419 47169 39963 18007 33153 26662 28800 31022 33464 32451 17219 28369 35209 9966 44928 21437 31075 13244 32198 32011 38360 42613 52493 29569 30913 68534 40555 30770 30040 4429 30951 58298 68427 51776 30143 64369 25529 21847 29050 8371 31771 4059 38043 57535 43234 29049 47985 14490 56291 31523 10174 33532 50642 37154 21593 5141 31103 29462 30001 40781 29193 29844 33173 54561 19522 31323 9980 33519 28234 29944 25004 30772 29671 47563 30300 32345 33374 34097 32274 38920 27139 30509 50642 42988 42667 29729 28106 27317 32269 46390 27711 58041 57891 19949 21161 37575 33196 70705 56472 25835 64383 64383 62622 23217 25814 32657 28236 30145 26212 28902 32317 29731 33656 57700 30618 37136 29944 31954 57639 6606 18044 77986
27838 42335 29498 11117 12957 39669 13324 31040 10928 37333 27800 29868 11044 23749 33747 26714 32347 19032 24597 28443 3992 10598 58975 56500 53611 59471 47078 57605 53238 52150 20543 36367 20517 30376 0 47001 48046 35933 24328 11117 51727 15123 27711 20587 9411 32043 47170 23547 21138 53363 41916 10344 11288 21849 44306 21099 49642 18596 53836 58828 23953 16094 59441 58427 20210 15467 27787 24407 33125 21718 9349 22619 6462 10368 48641 47004 35957 16893 13138 49327 10554 13289 30597 33317 2420 30699 49220 29198 56120 34368 51076 21846 12404 25522 33465 30171 60556 29937 19197 12027 17984 22419 26602 24423 25906 21482 23729 15829 21951 34029 58694 16354 14370 10780 38026 563 59150 27949 14827 1286 24711 59495 16260 56185 20179 12846 10775 35760 12199 3109 6493 60074 53417 36520 7815 1304 23729 47378 39844 3164 18082 37235 59653 47834 9005 30442 30292 11623 47649 44132 59173 50184 58635 14972 34382 34382 32933 15120 8783 21546 7562 13357 14905 11204 21096 13487 3655 30101 17258 27544 56185 9889 27638 24680 14979 58779
67662 66434 45368 47078 56159 61219 54266 75884 43694 55741 67624 74713 45521 48622 13573 25074 50877 35447 37453 68268 50653 44928 21051 8313 4196 10629 66972 19267 15516 32629 61435 70150 61536 18113 47001 0 24949 16805 55040 47078 42782 45271 72556 48077 58938 75291 67065 68193 32079 39903 12994 49654 42566 29028 8277 61559 40252 34361 24209 9168 48825 48268 20721 19895 33806 45615 55422 24347 65033 39497 48321 30482 49444 49257 43371 52925 69739 46815 46350 85780 62022 46207 48153 13800 51979 75544 85673 69022 18430 82689 12214 39906 46296 26484 34218 22173 27993 74781 57375 46295 69727 32549 73461 38441 28288 50778 68375 54399 39652 14493 13334 42724 47247 62248 31760 46468 21225 72823 36768 47947 28093 20426 45480 17749 34349 48017 46917 67667 47545 52060 50630 21354 24745 56980 44385 47133 68375 53843 60726 51663 41144 29764 13649 57677 45102 75287 75137 37195 6613 48993 21248 87951 59039 43081 82703 82703 79291 39404 43059 42002 45482 47391 43458 46148 49563 46977 50280 74946 43972 57240 17749 49200 79549 23852 35290 95232
63130 41738 33704 45394 54476 36523 52583 74201 42010 36333 63252 73029 43838 37376 22323 32862 32083 32065 29836 62492 49821 43244 45613 32389 28690 32268 50452 43829 40077 57191 67200 59576 59852 25658 48046 24949 0 18960 47382 45394 26262 41486 70872 38288 57081 73608 50545 70204 38015 23382 35048 47971 46045 36797 18539 67756 23731 41533 7579 29477 37580 42461 45283 44457 38784 41382 44417 32135 53366 32532 46638 35413 47761 47573 26850 36405 58783 40717 53719 82550 58225 53459 31800 21638 48621 73860 82442 63257 42992 80622 36776 34257 44613 23157 55412 22539 13986 73098 65854 44611 64239 28305 73961 50007 22740 41221 70386 52716 33896 20016 37410 51862 43579 58450 52834 47514 45787 74306 35084 48993 23511 44988 40074 42311 43488 46334 45234 56001 45862 50015 52072 45916 6700 42423 42701 48179 70386 37322 47294 49933 50282 50958 37725 41157 46647 73604 73453 35441 28953 32473 45810 82743 80113 40831 80637 80637 80292 47436 41376 51140 43798 44855 41207 44465 40655 44539 51325 73262 53110 45574 42311 47516 73892 30728 33040 92002
57342 46935 32488 36758 45839 44289 43946 65564 33374 42806 57304 64393 35201 33775 5124 14006 37943 23429 24573 57947 39585 34608 34694 25123 21007 27844 51678 33185 29063 44808 53374 59263 51216 6802 35933 16805 18960 0 44152 36758 40613 34384 62236 33612 44968 64971 51770 56016 20816 34344 19609 39334 28189 19598 9496 53498 34485 21321 26455 25743 33979 37380 35159 34145 20532 34728 40388 13279 50107 26617 38001 16557 39124 38937 37673 47792 58852 35927 34227 75460 46111 34083 35219 3714 36507 65224 75352 58702 31838 69925 24580 27026 35976 13550 33056 9238 32423 64461 49313 35975 53542 19669 61847 32807 15354 39891 56199 44079 26772 3093 30154 34663 36156 46337 30477 35401 34868 60118 26447 36879 15159 35214 34593 31639 26288 37697 36597 52742 37225 37901 36382 35792 25575 44100 34065 36066 56199 48167 47846 35286 33082 28601 30460 51569 30720 64967 64816 26804 20213 42754 34891 77631 57756 32194 69940 69940 68178 26530 32739 33941 35161 37071 32571 35828 38676 36657 39212 64626 35911 42315 31639 38880 63195 12540 24403 84912
