0 57725 45317 30853 28239 54022 22258 32225 33335 50778 442 30136 31610 37547 75980 70320 52552 48319 47068 937 36736 32236 115682 105400 99683 108617 56974 113779 107713 109480 64559 27600 22409 70023 38664 93976 87680 79643 23945 30853 79954 31588 26831 35164 42467 25493 56789 64739 65267 81133 91988 24420 52728 66286 90234 64297 80498 59866 88900 105850 37167 28242 116328 114920 62108 31835 31269 67117 31512 42189 28208 65453 30930 26614 76144 64209 27559 31399 54860 29942 40548 55069 49618 74971 41081 35185 29793 1844 111715 49168 104711 41501 30984 60354 83529 66811 98234 30187 63275 30427 45870 53112 55563 72257 60888 32025 64993 19681 42400 75959 112018 61338 28798 40567 89863 38749 115924 58496 42892 37307 59228 116404 33504 111807 65076 28691 30630 35172 26110 41991 46155 117207 90077 48695 31342 39704 64993 64729 50474 42288 63737 88765 113638 65362 49556 27062 33962 45909 98210 69881 115956 31258 118487 37253 49014 49014 51346 58049 33399 68549 30991 30778 37159 30507 32486 32488 40302 30416 61915 28412 111807 25675 45738 61791 46443 43070
57725 0 20806 44476 61201 7455 56421 83119 44321 9853 57895 81031 42839 26438 65080 62563 15989 38582 34969 56839 59361 43432 103754 102602 88783 102435 7133 101658 97997 122771 86757 39016 62598 57994 58799 92269 57970 65188 34216 44476 30182 37107 77726 30402 68010 80755 7262 90929 74696 36493 81796 51631 69625 66378 79507 87530 35858 69294 56390 98559 26302 36802 104400 102992 63779 36395 24155 59359 30002 31154 47746 61897 53400 47883 29649 15120 37962 34663 74294 74134 67752 73932 19631 64071 61449 86079 73985 57902 99788 100063 93376 31448 41764 45899 98546 52356 61136 81082 84888 42208 77495 38204 89372 89053 50441 30294 91183 54564 30945 66784 101118 78388 38827 67771 103154 58575 103996 93478 42470 58921 50676 104476 36544 99512 80627 42831 44253 26495 45696 62554 67254 105280 57974 6706 48764 60047 91183 13721 10529 62630 80909 94384 110014 10456 63717 81227 84856 49190 87310 28162 104028 73881 135283 38501 99908 99908 97744 74846 47478 85366 49050 40599 38172 43713 30598 40160 63189 81311 79554 27014 99512 51000 92137 50892 44129 81712
45317 20806 0 28804 45528 13948 40749 68481 25176 10283 45488 66392 24324 8501 45015 42498 7146 18517 14904 44431 41464 25831 83689 74436 68718 77653 27393 81593 77932 97455 67573 37669 47960 37929 40970 63012 46811 45123 21808 28804 35527 20973 63087 12813 51561 66116 27522 71745 52913 36230 61731 35958 47843 46313 58168 68345 35596 47511 43997 74885 8668 20850 84335 82927 43714 20261 15100 39295 29044 11089 32073 41832 37727 32210 31241 23980 36567 18428 54612 67438 52079 54250 4716 44006 41768 71441 67289 45494 79723 85424 73311 11383 26091 25834 76764 32291 53331 66443 65704 26535 61822 18139 73699 67270 30376 15902 71998 39543 10880 46719 81053 58706 23103 52098 76925 40231 83931 77442 22405 40477 30611 84412 17400 79447 58844 27107 28580 32704 30024 43704 48214 85215 45174 16868 29619 41154 71998 24500 22072 43590 59127 74319 82673 28444 44035 66589 70218 27408 67245 24978 83963 69583 113501 19357 85269 85269 82071 53063 28333 65685 29905 24874 19027 28040 15116 24436 45524 66672 59873 17958 79447 35327 76464 30827 24064 80566
30853 44476 28804 0 17843 40774 13125 44009 4745 37530 30799 41920 3020 20306 47390 41730 33611 19730 24193 31693 16003 3647 92362 76811 71093 80028 51064 90459 80399 86160 43399 36421 21992 41434 15441 65387 63048 51053 19700 0 60527 7392 38615 15761 24652 41644 51193 47571 41947 63869 64674 8273 29408 42966 61644 44172 60596 36546 67731 77260 20589 8031 93008 91600 38788 8650 24271 38527 31918 19521 4388 40685 10041 4543 56241 50961 35851 10630 33114 56244 24393 33324 31180 46381 18353 44766 56095 32741 88395 58126 77397 19590 3159 31765 60209 38221 77065 41971 41530 2602 34137 27733 46013 48937 32298 15515 47824 12628 19844 47370 83428 38767 5636 24413 66543 15217 92604 50119 14302 15562 30638 93084 9593 88487 41756 3754 669 35577 3108 19196 23896 93888 68908 36400 6256 16688 47824 51481 41016 19272 40651 65445 85048 52114 26236 42117 44200 17319 69620 49979 92636 59259 95167 8938 58146 58146 54386 34729 7494 45978 6199 4449 8844 1651 14978 4663 19831 42200 40023 24167 88487 7642 48778 33202 17853 69372
28239 61201 45528 17843 0 57499 6204 27247 21089 54255 28186 25620 19365 37030 60003 54317 49973 32844 40537 29080 13121 19991 99434 95996 83706 92641 67788 97531 91465 89954 37931 48903 11387 54047 17996 78000 75661 63666 32183 17843 76890 24117 22624 32485 17290 28641 67917 36107 48444 80231 75741 9293 33202 49462 74257 37668 76958 43042 84093 89873 37314 24756 100080 98672 45284 25374 38364 51114 44400 35865 13481 48630 10093 14389 72604 67685 48333 27354 33674 58085 13107 33884 47542 58994 20885 26774 57936 30128 95468 39318 88463 35952 19631 44378 64045 50834 93427 25715 37984 19107 18429 38614 30305 51360 44911 32239 35802 10063 36188 59983 99044 40153 22361 13126 70337 18305 99676 33649 27003 16647 43251 100156 26318 95559 45550 19073 17367 48060 16042 20448 24969 100960 85270 53125 16079 19261 35802 68206 57741 21844 42552 69239 100376 68839 30030 26418 26208 27581 83702 66341 99708 59275 99003 25282 39259 39259 37274 38524 18136 47364 15728 20954 25189 17963 31703 21134 17126 25944 40730 36649 95559 12222 31667 45815 30554 71213
54022 7455 13948 40774 57499 0 52719 79417 40619 3642 54193 77328 39136 22735 61481 56720 8823 32739 29126 53136 55658 39729 100151 95359 90222 95192 14585 98055 94394 111678 83054 43658 58896 54319 55096 85027 50727 61512 30513 40774 27790 33405 74023 26699 64308 77052 14714 87227 67135 32733 78193 47928 62065 60535 72264 83827 32098 61734 47040 91316 22599 33099 100798 99390 57937 32692 23115 53517 34644 25311 44044 56055 49697 44181 25350 12045 42604 30961 68835 75453 64049 68473 11087 60471 55990 82377 75304 54199 96185 96360 89776 25605 38061 42224 90986 48681 56837 77379 81185 38506 73793 32362 85669 81493 40524 26592 87480 50862 25103 63109 102334 72929 35125 64068 91147 54453 100394 89775 36628 55218 40759 100874 32842 95909 73067 39129 40551 31137 41994 57927 62437 101677 48217 7584 45061 55377 87480 12565 15171 57813 73349 88542 102772 13562 58258 77525 81154 41630 83710 17105 100426 78523 127723 34799 96205 96205 94041 67285 43775 79907 45347 36896 34470 40010 26896 36457 59487 77608 74095 25974 95909 47297 88434 45049 38286 86354
22258 56421 40749 13125 6204 52719 0 31458 17925 49475 22204 29831 16200 32251 57374 51420 46808 30214 37373 23098 14477 16826 95961 92523 81077 90011 59437 94058 87993 89759 42524 42922 10498 51417 18506 75370 73032 61037 26201 13125 73725 19337 26835 27706 20431 30344 59566 42704 45547 77067 72268 6878 33007 46566 71628 42261 73794 40145 80929 87244 32534 19976 96607 95199 42387 20595 32383 48217 38419 32701 10316 45733 10007 9073 69439 62906 42352 22575 34701 52103 18512 34911 44378 56365 20922 30985 51955 24146 91995 43529 84990 32787 15104 41748 63809 48205 90262 29926 41903 14547 23834 35985 35711 52536 42282 27802 42957 4081 33023 57353 95571 41180 17581 18532 70143 18591 96203 39054 24374 17149 40622 96684 21538 92086 45355 13757 13279 42078 10726 21833 25996 97487 82105 48111 13450 19546 42957 63426 57380 22130 43579 69045 96903 64059 29835 30628 30419 24684 80230 63176 96235 53294 98766 22117 43469 43469 43160 38329 15507 48391 13099 16373 22024 14799 26923 16608 18044 30154 41756 30668 92086 8133 37553 43185 27925 65232
32225 83119 68481 44009 27247 79417 31458 0 46295 76173 32171 2704 44570 59983 87399 79741 74980 60240 66608 33065 38236 45196 119724 119784 115772 123911 85416 120923 115253 111501 41344 59291 24884 81443 43111 105396 103057 91062 52180 44009 101897 49512 6049 55438 34148 5913 85545 32761 70669 105239 99528 35823 56989 71657 101653 41081 101966 68466 109101 117269 60266 47782 121483 120398 70708 50779 58362 76538 64397 61729 40877 74054 37958 39643 97611 89604 59250 50939 55501 55943 29965 55711 72550 86390 46001 4236 54914 34113 119255 18365 112251 61041 45280 71774 85872 78230 118434 2642 46780 44722 23661 69283 24614 73187 72307 53637 33529 31332 61941 87379 122831 61980 47655 29985 91884 43421 118818 27547 54399 41763 70647 122267 53044 119347 69338 45514 44763 68057 40901 45476 47177 122164 110277 74089 43476 44376 33529 90124 83359 45891 64379 90628 124163 90757 53818 3537 3013 53988 107490 91348 118932 58363 116268 51326 18210 18210 20397 62311 45532 69191 43124 47602 51232 43467 54105 46783 40302 3025 62557 56647 119347 37201 14789 73211 57951 65493
33335 44321 25176 4745 21089 40619 17925 46295 0 37375 33281 44206 3277 17807 42690 37030 30473 15327 19791 34175 16287 1782 81377 72110 66393 75327 50908 79280 75699 85898 43136 39075 24278 36733 15178 60686 58348 46352 20514 4745 57390 6428 40901 14017 26385 43930 51037 47309 38124 59069 59974 11519 29145 39142 56944 43909 57459 32722 62931 72559 18090 8587 82023 80615 35121 6906 22989 33826 34572 15118 7634 35985 11900 7771 53104 50805 38505 8886 32852 58498 25633 33061 28043 41681 18090 48012 58349 35223 77410 57541 72696 15863 4354 27064 59947 33521 72265 44257 41267 4509 34786 23331 49981 48674 27598 15882 47562 14914 15441 42669 78728 38505 6192 25653 66281 14954 81619 51852 9602 15300 25938 82099 8008 77134 41494 6050 4522 38232 5394 18933 23633 82902 64108 37197 4442 16426 47562 51326 41813 19010 40389 65183 80348 51959 25973 44403 47446 12619 64920 46841 81651 61513 94905 5591 57561 57561 53801 34467 3799 45715 4728 5749 5498 3454 14195 5439 19569 44486 39761 25514 77134 10888 48194 28501 13153 71626
50778 9853 10283 37530 54255 3642 49475 76173 37375 0 50949 74084 35892 19491 59422 52040 6754 28059 24446 49892 52414 36485 93231 88842 83125 94927 16983 91135 87474 106997 77115 42440 55652 52260 51852 77418 50462 59454 27269 37530 29463 30161 70779 23456 61064 73809 17112 81287 62455 32468 71273 44684 57385 55855 71999 77887 31833 57053 46775 91051 19355 29856 93877 92469 53256 29449 19871 48837 33816 20631 40800 51374 46453 40937 27023 13718 41339 27717 64154 72209 60805 63792 8087 58413 51310 79133 72060 50955 89265 93116 87718 20925 34817 40165 86306 46622 56109 74136 75246 35262 70549 27681 82425 76812 38465 23348 81540 47618 20422 61050 95460 68248 31881 60825 86467 49773 93473 86531 31947 51974 38701 93954 29598 88989 68386 35885 37307 33977 38750 53246 57756 94757 47952 9408 41817 50696 81540 14238 14611 53132 68669 83861 97080 16874 53577 74281 77910 36950 81652 21216 93505 74354 123043 31555 92962 92962 90798 62605 40532 75227 42103 33652 31226 36766 23652 33214 56243 74364 69415 22730 88989 44053 85190 40369 33606 89194
442 57895 45488 30799 28186 54193 22204 32171 33281 50949 0 30083 31557 37717 75926 70266 52723 48266 47238 1108 36682 32183 115628 105347 99629 108564 57144 113726 107660 109426 64506 27771 22355 69970 38611 93923 87851 79589 24116 30799 80124 31759 26778 35335 42413 25195 56959 64686 65214 81304 91935 24366 52674 66233 90180 64243 80669 59812 89071 105796 37338 28413 116275 114867 62054 32005 31439 67063 31683 42359 28155 65400 30877 26561 76314 64380 27729 31570 54806 30113 40494 55016 49789 74917 41027 35131 29964 2014 111662 49115 104657 41671 30931 60301 83476 66758 98404 30134 63221 30373 45816 53283 55509 72203 60834 32196 64939 19628 42571 75906 111964 61285 28969 40514 89810 38696 115871 58442 42838 37254 59174 116351 33675 111753 65022 28637 30576 35342 26056 41938 46101 117154 90247 48865 31289 39651 64939 64900 50645 42235 63684 88712 113584 65533 49502 26765 33908 45855 98156 70051 115903 31429 118434 37199 48960 48960 51292 57996 33346 68496 30937 30725 37106 30454 32656 32434 40249 30363 61861 28582 111753 25621 45685 61738 46390 43241
30136 81031 66392 41920 25620 77328 29831 2704 44206 74084 30083 0 42481 57894 85772 78114 72892 59191 64520 30977 36609 43108 118097 118156 114144 122284 83327 119296 113626 109873 42834 57203 22795 79816 41484 103768 101430 89435 50091 41920 99808 47424 4349 53349 32521 3555 83456 34251 69042 103150 97901 34196 55362 70030 100026 42571 99877 66839 107012 115642 58177 45694 119855 118771 69081 48691 56273 74911 62309 59640 39250 72427 36331 38016 95522 87515 57161 48851 53874 53585 28338 54084 70461 84763 44373 5726 52556 28182 117628 19474 110623 58952 43191 70146 84245 76603 116346 498 48270 42634 25151 67194 26104 71559 70680 51549 35019 29244 59852 85752 121204 60353 45566 28357 90257 41794 117191 29037 52772 40135 69020 120640 50956 117719 67711 43426 42163 65968 38813 43849 45550 120537 108189 72001 41848 42749 35019 88035 81270 44264 62752 89000 122536 88668 52191 1091 4503 52361 105863 89260 117305 56004 119202 49237 19319 19319 21887 60684 43905 67564 41497 45513 49144 41379 52016 44695 38675 569 60929 54558 117719 35573 16279 71584 56323 63135
31610 42839 24324 3020 19365 39136 16200 44570 3277 35892 31557 42481 0 16954 45228 39568 30342 16806 21270 32451 16448 723 83915 74648 68931 77865 49426 81819 78237 86058 43297 36882 22553 39272 15339 63224 60886 48891 18320 3020 57259 5754 39176 14123 26545 42206 49555 47469 40662 60600 62512 9794 29306 41681 59482 44070 57327 35260 64462 75098 17238 6393 84561 83153 37659 7012 22634 36365 32379 16598 5910 38523 11563 6047 52973 49323 36312 8992 33013 56539 25915 33222 27911 44219 18251 46287 56390 33498 79948 59647 75234 16321 2037 29602 60107 36059 73796 42533 41428 2035 35659 24810 47535 48835 30136 13877 47723 13189 16920 45208 81266 38665 3998 25934 66441 15115 84157 52012 12140 15460 28476 84637 7653 79672 41654 4091 2797 36038 3670 19094 23794 85440 65639 34762 5571 16587 47723 49843 39379 19170 40549 65343 82886 50476 26134 42678 45722 15157 67458 46710 84189 59554 95065 6108 59667 59667 55907 34628 5167 45876 5514 3533 6015 1729 13340 3245 19729 42761 39921 22695 79672 9163 50300 31040 15691 69667
37547 26438 8501 20306 37030 22735 32251 59983 17807 19491 37717 57894 16954 0 49534 43874 15375 16708 15185 36661 34095 18462 88221 78954 73237 82171 33025 86125 82543 96257 60944 31449 39462 39717 32986 67530 51912 46910 14038 20306 43756 12475 54589 4315 43840 57619 33154 65116 48181 44460 66818 27460 43111 49200 59955 61716 43825 42780 53792 79404 424 12352 88867 87459 41965 11763 9326 40671 22825 9561 23576 42829 29229 23712 39470 32922 30348 9930 47780 61482 43581 47418 12945 48525 34935 62943 61333 37724 84254 76926 79540 8873 17593 27622 72032 34079 63125 57946 59075 18037 53325 19927 65201 62539 31089 7404 65369 31045 10603 49514 85572 51874 14605 43600 76640 32762 88463 69307 17242 33107 26495 88943 10030 83978 54113 18609 20083 26484 21526 36872 41381 89746 54969 19314 22250 34233 65369 33442 23930 36758 54395 75542 87192 34076 37202 58091 61720 22676 71764 33208 88495 63627 108769 11987 76772 76772 73573 48331 20964 58852 22535 16376 11658 19542 6618 15938 37376 58174 53040 12002 83978 26829 67966 35346 18900 74610
75980 65080 45015 47390 60003 61481 57374 87399 42690 59422 75926 85772 45228 49534 0 14820 52667 31236 34022 76821 51943 44404 43198 30275 24558 33492 71667 41102 35377 54835 67116 79434 67471 7161 46871 18851 31005 7117 58448 47390 61079 44881 82776 48778 58095 86576 71796 76503 21897 52372 18177 50968 35176 20205 15109 67289 52568 28032 44763 30725 49817 49042 43844 42436 26937 45358 58979 15407 72327 36861 49117 22319 50677 50416 56995 66347 78864 47024 46165 101143 61008 45966 48884 1315 47669 86926 100994 77868 39231 94168 29151 37429 46305 18788 38896 12800 47738 85867 61477 46302 71328 27211 78300 38552 21293 52529 76756 57559 37077 2281 36893 41129 47625 61321 35315 46132 43440 82934 33070 48186 21023 43920 45171 38955 29497 48695 47167 75987 48040 49605 46556 44723 43541 61142 43650 47056 76756 66867 66346 45973 38934 32710 38513 71593 38691 86570 86361 33664 23085 59349 43472 104158 73203 41839 94188 94188 87093 32872 41809 40126 45173 47825 42362 46099 50841 47250 51426 86096 42862 61505 38955 50337 84736 15132 31018 114271
70320 62563 42498 41730 54317 56720 51420 79741 37030 52040 70266 78114 39568 43874 14820 0 46455 28225 31504 71160 42175 38744 45078 45791 40775 49710 69150 42982 39400 55689 54702 73774 61811 15348 37103 34825 45642 19453 52788 41730 70293 39221 75118 43117 46830 81135 69279 62555 10027 66205 23675 45308 23911 8715 31083 54874 66400 14372 59531 46698 44157 43382 45724 44317 13277 39698 53319 3203 66667 34343 43457 7755 43119 44756 61651 65458 73204 41364 32297 95483 51240 32098 44024 15820 37901 79268 95334 72208 41112 82903 36398 34912 40644 23065 38739 20986 62506 78209 49409 40642 61560 24693 67035 28844 23599 46868 62808 51899 34559 16808 50283 30281 41965 51553 35158 36363 45320 68252 27410 38418 21939 45801 39511 40836 19790 43035 41507 70327 42379 39837 35291 46604 58309 58625 37989 37287 62808 65978 63828 36204 28397 32553 51903 70703 27426 78912 78703 28004 33498 59745 45352 98498 73046 36179 82923 82923 75828 21607 36149 30418 39513 42165 36702 40439 45181 41590 41657 78438 31887 55845 40836 44677 74967 14241 25358 108611
52552 15989 7146 33611 49973 8823 46808 74980 30473 6754 52723 72892 30342 15375 52667 46455 0 22474 18861 51666 46761 31128 91338 82087 76370 89024 23119 89242 85580 101412 71530 44214 54459 45505 44927 70663 44560 52698 29043 33611 29257 25380 69587 19687 56858 72616 23248 75702 56870 29960 69379 40403 51800 50270 65743 72303 29325 51468 44268 85148 14533 26733 91984 90576 47671 25235 21645 43252 35590 15046 36518 45789 42171 36655 24971 17817 43113 24312 58569 73983 56107 58207 2264 51658 45725 77940 73834 52729 87371 91923 80963 15340 30059 33410 80721 39867 53601 72943 69661 30504 66267 22096 80920 71227 31710 22776 75955 43512 14837 54295 88705 62663 28287 56126 80882 44188 91580 81399 26362 45774 31946 92060 23418 87095 62801 32195 33388 39887 33992 47661 52171 92863 45444 15317 34916 45111 75955 18338 20521 47547 63084 78276 90325 21057 47992 73088 76717 31365 74897 18708 91612 76128 117458 24513 91769 91769 86516 57020 33630 69642 35202 30058 25045 31880 21990 29619 49481 73172 63830 24504 87095 39771 80908 34784 28021 87111
48319 38582 18517 19730 32844 32739 30214 60240 15327 28059 48266 59191 16806 16708 31236 28225 22474 0 6217 49160 27454 15982 69910 60656 54939 63873 45169 67814 64153 83183 53036 46471 39263 25347 26434 49232 44535 32540 26871 19730 48947 15085 55617 17201 38002 58915 45298 57209 32257 47380 47951 23809 30954 31661 45585 53809 42212 30622 51242 61106 16991 17869 70556 69148 26316 15562 27403 25022 40751 7712 22619 27181 23517 22756 40305 41203 45901 15448 40076 75330 37250 39714 20043 30227 27232 59767 75181 50208 65943 69158 59532 7889 17938 13252 59875 19708 60575 59242 51167 17880 46403 5168 62426 50382 13412 20952 57462 29898 8034 31216 67274 44122 17545 37270 62652 25695 70152 62906 6591 27749 12125 70632 13567 65667 41956 20075 19506 44410 20379 29168 33678 71436 52418 34644 16490 26618 57462 41723 39847 29054 42238 60047 68894 46219 28958 59387 59201 11118 53466 38399 70184 78346 96612 12042 69178 69178 65418 36174 14649 49467 18013 18905 12566 18438 19265 18062 30988 59471 45728 29928 65667 23178 59811 17048 5276 88458
47068 34969 14904 24193 40537 29126 37373 66608 19791 24446 47238 64520 21270 15185 34022 31504 18861 6217 0 46182 36078 20446 72696 63442 57725 66659 41556 70599 66938 86462 60766 46493 43726 26936 34163 52018 41440 34129 29082 24193 43132 16926 61215 16267 46176 64244 41685 64938 35915 41564 50737 30967 35997 35319 47174 61538 36397 34813 45426 63891 15468 18345 73342 71934 30995 17059 24369 28301 37869 4768 27082 30839 31691 27219 34489 37590 45392 15923 47805 75806 45424 47443 16431 33012 34961 67460 75657 47245 68729 83551 62317 5337 21606 14841 63389 21298 54759 64571 58896 22344 56831 7146 70155 55425 15002 20168 65191 34362 4984 35726 70060 49165 19869 45444 65931 33424 72938 70635 14804 35091 13715 73418 15413 68453 46999 23742 23970 41528 24842 36897 41407 74221 46603 31031 24233 34347 65191 38110 36235 36783 47281 63326 71679 42607 34396 64716 68345 16856 56252 32583 72970 78821 101655 15876 83397 83397 77080 41218 22948 54510 24519 21839 16592 22902 19383 21201 38717 64800 50771 27046 68453 30336 71473 19833 10829 88934
937 56839 44431 31693 29080 53136 23098 33065 34175 49892 1108 30977 32451 36661 76821 71160 51666 49160 46182 0 37576 33077 116522 106241 100523 109458 56088 114620 108554 110321 65400 26715 23249 70864 39505 94817 86794 80483 23059 31693 79068 30702 27672 34278 43307 25528 55903 65580 66108 80247 92829 25260 53568 67127 91074 65137 79612 60706 88014 106690 36281 27356 117169 115761 62948 30949 30383 67957 30626 41303 29049 66294 31771 27455 75258 63323 26673 30513 55700 29010 41388 55910 48732 75811 41921 36025 28861 1063 112556 50009 105551 40615 27741 61195 84370 67652 97348 31028 64115 31268 46710 52227 56403 73097 61728 31139 65833 20522 41515 76800 112858 62179 27912 41408 90704 39590 116765 59336 43732 38148 60069 117245 32618 112647 65917 25258 31470 34286 26950 42832 46995 118048 89191 47809 32183 40545 65833 63843 49588 43129 64578 89606 114478 64476 50396 27097 34802 46749 99050 68995 116797 30372 119328 34112 49854 49854 52186 58890 34240 69390 31831 27459 34018 31348 31600 29172 41143 27610 62755 27526 112647 26515 46579 62632 47284 42138
36736 59361 41464 16003 13121 55658 14477 38236 16287 52414 36682 36609 16448 34095 51943 42175 46761 27454 36078 37576 0 15829 86983 83545 79533 87672 65948 85080 79014 77503 30682 51072 24049 47262 5545 70352 69196 54979 34351 16003 73678 22276 33613 29702 11292 39630 66077 33564 34430 75357 63290 12728 20751 35419 66609 31455 73747 30900 77237 86778 34378 22915 87629 86221 33142 22591 39156 38972 46569 31406 11641 36487 6016 13056 69392 65845 50502 24571 21926 66581 12581 22135 44331 51346 8434 37763 66433 38624 83017 46271 76012 32151 17790 37912 51552 44369 86570 36704 28813 17267 23516 34578 34888 39611 38446 30399 33818 18559 31729 52335 86593 28405 20520 12895 57886 5854 87225 36759 21614 4196 36786 87705 23693 83108 33099 18404 15527 50228 17505 9058 13221 88509 76655 51284 11963 6810 33818 66365 55901 9393 30804 56788 87925 66998 17579 37407 37197 19583 71251 63129 87257 67772 86510 21904 46291 46291 43681 26073 13298 35615 11612 19114 21811 16123 29862 19294 4954 36933 28981 38818 83108 12097 36924 39350 24243 79709
32236 43432 25831 3647 19991 39729 16826 45196 1782 36485 32183 43108 723 18462 44404 38744 31128 15982 20446 33077 15829 0 83091 73824 68107 77041 50019 80995 77413 85439 42678 37475 23180 38448 14720 62400 60062 48067 18913 3647 58045 6290 39803 13879 25926 42832 50148 46850 39838 59724 61688 10420 28687 40857 58658 43451 58114 34436 63586 74274 18745 6986 83737 82329 36835 6768 23226 35541 32971 15774 6536 37699 11442 6673 53759 49916 36905 8748 32394 57131 25175 32603 28698 43395 17632 46914 56982 34125 79124 60273 74410 16518 2630 28778 59489 35235 72920 43159 40809 2628 36285 23986 49523 48216 29312 14470 47104 13815 16096 44384 80442 38047 4591 25195 65823 14496 83333 51394 11316 14842 27652 83813 7870 78848 41035 4684 3423 36631 4296 18475 23175 84616 64763 35355 4952 15968 47104 50436 39971 18551 39930 64725 82062 51069 25515 43304 46348 14333 66634 47497 83365 60147 94447 6244 60293 60293 56534 34009 4401 45257 4895 4126 6151 2355 13933 3838 19111 43388 39302 23288 78848 9789 50926 30216 14867 70259
115682 103754 83689 92362 99434 100151 95961 119724 81377 93231 115628 118097 83915 88221 43198 45078 91338 69910 72696 116522 86983 83091 0 21165 25650 25792 110341 1923 9014 16213 83888 118121 106873 45832 81911 29238 63351 48186 97135 92362 88120 83568 115101 87464 85576 121118 110470 93275 51768 84120 22088 91384 66333 46567 40727 84061 84605 57406 62324 28401 88504 87729 2057 1175 53204 84045 97666 47550 111014 75534 90002 48586 87659 91418 88937 102207 117551 85711 63390 145528 89859 63191 87555 43513 79407 119251 145379 117570 3976 113408 14005 76103 84991 57459 32662 51470 67580 118192 78249 84989 100561 65884 100592 48063 59964 91215 93528 98817 75751 44475 15774 57901 86312 90172 26442 81171 553 99706 71757 83225 59693 2841 83858 4680 52552 87382 91886 114674 86726 79519 73270 2738 63069 99816 87775 80968 93528 103481 105020 78968 56381 30026 15878 108808 69856 118895 118685 76523 23105 96747 585 146718 52075 80526 113428 113428 108688 61942 86998 51828 87424 86512 81049 84786 89528 85937 82154 118421 59634 100192 4680 90753 110366 53805 69705 158656
105400 102602 74436 76811 95996 95359 92523 119784 72110 88842 105347 118156 74648 78954 30275 45791 82087 60656 63442 106241 83545 73824 21165 0 6134 4954 103350 18687 13477 37246 89102 108855 96891 36582 78473 11546 44984 34894 87868 76811 69753 74301 115161 78198 85635 121177 103479 98489 48330 65753 20756 80389 62895 45420 23050 89275 66238 52827 43957 7563 79238 78463 20707 19559 52057 74778 88400 48263 101748 66281 78537 47439 84222 79837 70570 83840 108285 76445 68151 130563 89918 67952 78304 30590 75969 119310 130414 107289 17525 118622 8892 66850 75725 48208 46202 42220 49213 118252 83463 75723 100620 56631 105806 55512 50714 81949 98742 86979 66497 31553 7953 63115 77046 90232 40544 77733 21407 104920 62491 79788 50443 20297 74591 16579 51483 78115 76587 105407 77460 76081 74096 21586 44702 90563 73070 77530 98742 85114 95766 75531 60920 37717 7740 90441 66418 118954 118745 63084 12512 78380 21439 133579 73107 71259 118642 118642 113902 58504 71229 59591 74593 77246 71783 75519 80262 76670 80221 118480 64848 90925 16579 79758 114261 44552 60438 143691
99683 88783 68718 71093 83706 90222 81077 115772 66393 83125 99629 114144 68931 73237 24558 40775 76370 54939 57725 100523 79533 68107 25650 6134 0 9351 98213 23172 17962 41731 85090 103137 91174 30864 74461 5828 39847 29177 82151 71093 64616 68584 111149 72480 81623 110278 98342 94477 44318 60616 16743 74671 58883 41408 17333 85262 61101 48815 38819 7662 73520 72745 25192 24044 48045 69061 82682 39522 96030 60563 72820 43427 74380 74119 65433 78703 102567 70727 64139 124846 85906 63940 72587 24873 71957 115298 124697 101571 22010 114610 13376 61132 70007 42491 47474 36502 44075 114239 79451 70005 96608 50913 101794 54158 44996 76232 94730 81262 60780 25835 13108 59103 71328 86219 43215 73721 25892 100907 56773 75775 44725 24782 68874 21064 47471 72398 70870 99690 71742 72069 70084 26071 39565 84845 67353 73518 94730 79977 90049 71518 56908 39027 13546 85303 62406 114942 114733 57367 8289 73242 25924 127861 81104 65542 114630 114630 109890 54492 65512 58237 68876 71528 66065 69802 74544 70953 76209 114468 60836 85208 21064 74040 110249 38834 54721 137974
108617 102435 77653 80028 92641 95192 90011 123911 75327 94927 108564 122284 77865 82171 33492 49710 89024 63873 66659 109458 87672 77041 25792 4954 9351 0 103182 23314 18104 41873 93229 112072 100108 39799 82600 14763 44817 38672 91085 80028 69586 77518 119288 81415 89762 125304 103311 102616 52457 65586 24883 83606 67022 49547 26828 93402 66071 56954 43789 3881 82455 81680 25334 24186 56184 77995 91617 48457 104965 69498 81754 51566 88349 83054 70402 83672 111502 79662 72278 133780 94045 72079 88631 33807 80096 123438 133631 110506 22152 122749 13518 70067 78942 51425 50829 45437 49552 122379 87590 78940 104747 59848 109933 60139 53931 85166 102869 90196 69714 34770 10553 67242 80263 94359 45171 81860 26034 109047 65708 83915 53660 24924 77808 21206 55610 81332 79804 108624 80677 80208 78223 26213 44534 93780 76287 81657 102869 84947 98983 79658 65047 42344 9633 90273 70545 123081 122872 66301 16639 78212 26066 136796 77734 74476 122769 122769 118029 62631 74446 64217 77810 80463 75000 78736 83479 79887 84348 122607 68975 94142 21206 82975 118389 47769 63655 146908
56974 7133 27393 51064 67788 14585 59437 85416 50908 16983 57144 83327 49426 33025 71667 69150 23119 45169 41556 56088 65948 50019 110341 103350 98213 103182 0 108245 104584 129358 93344 35096 64895 64581 65386 93017 70072 71775 36512 51064 33347 43694 80022 36989 74598 83051 187 97516 81283 39658 88383 58218 76212 72965 86310 94117 39023 75881 59555 99306 32889 43389 110987 109579 70366 42982 28872 65947 26082 37741 54333 68484 59987 54470 32814 21225 34042 41250 80881 70214 74339 80519 26219 70658 68037 88376 70065 57151 106375 102359 99963 38035 48351 52486 105133 58943 64302 83378 91475 48795 84082 44791 95959 95640 57028 36882 97770 56860 37532 73371 110324 84975 45414 74358 109742 65162 110583 100065 49057 65508 57263 111064 43132 106099 87214 49418 50840 22575 52284 69141 73841 111867 61139 11423 55351 66634 97770 19826 8431 69217 87496 100971 110762 16561 70304 83524 87153 55777 93897 31327 110615 68835 141870 45089 102204 102204 104331 81433 54065 91953 55637 47186 44759 50300 37185 46747 69777 83607 86142 31731 106099 57587 98724 57479 50716 76667
113779 101658 81593 90459 97531 98055 94058 120923 79280 91135 113726 119296 81819 86125 41102 42982 89242 67814 70599 114620 85080 80995 1923 18687 23172 23314 108245 0 6724 18080 85087 116025 104971 43736 80008 26760 60874 46090 95039 90459 85642 81472 116300 85368 86775 122317 108374 94474 49865 81643 19992 89481 64430 44471 38249 85260 82127 55504 59846 25923 86408 85633 2019 872 51108 81949 95570 45454 108918 73438 88100 46490 85757 89515 86459 99729 115455 83615 64590 143625 91058 64391 85459 41417 77504 120450 143476 115668 2812 114607 11528 74007 82895 55363 33861 49374 65102 119391 79448 82893 101760 63788 101791 49262 57868 89119 94727 96914 73655 42379 13851 59100 84216 91371 27641 79269 2420 100905 69661 81323 57597 2082 81761 2202 53018 85286 89983 112577 84630 77616 74469 2899 60591 97720 85873 79065 94727 101004 102924 77066 57580 31225 13954 106330 67953 120094 119885 74620 21009 94269 2452 144815 53942 78429 114627 114627 109887 60040 85096 53027 85521 84416 78953 82690 87432 83841 81757 119620 60834 98095 2202 88850 111565 51709 67609 156753
107713 97997 77932 80399 91465 94394 87993 115253 75699 87474 107660 113626 78237 82543 35377 39400 85580 64153 66938 108554 79014 77413 9014 13477 17962 18104 104584 6724 0 25095 84048 112443 98905 40075 73942 21550 55664 40365 91457 80399 80432 77890 110630 81786 81104 116647 104713 93434 43799 76433 16225 83415 58364 40889 33380 84220 76917 48296 54636 20713 82826 82051 8744 7597 47526 78367 91988 41872 105336 69777 82034 42908 79691 83449 81249 94519 111873 80033 63550 137559 85387 63351 81797 35692 71438 114780 137410 109602 5048 113568 4829 70346 79313 51702 37717 45713 59892 113721 78409 79311 96089 60127 100752 50412 54207 85537 93688 90848 69993 36654 9553 58061 80634 85701 32059 73203 9256 99865 66079 75257 53936 8787 78180 4578 46952 81704 80176 108995 81048 71550 69565 9623 55381 94059 79807 72999 93688 95794 99262 71000 56541 29996 10885 101120 61887 114423 114214 68554 14634 89059 9288 137167 60956 74848 113588 113588 108848 53974 74818 54177 79455 80834 75371 79108 83850 80259 75691 113949 59794 94513 4578 82784 110526 48048 64027 150687
109480 122771 97455 86160 89954 111678 89759 111501 85898 106997 109426 109873 86058 96257 54835 55689 101412 83183 86462 110321 77503 85439 16213 37246 41731 41873 129358 18080 25095 0 75665 121230 100671 60066 72431 45318 79432 62233 104509 86160 104201 89417 106877 95561 77352 112894 129487 85008 48551 100201 36407 85182 56853 49861 56808 75837 100686 56945 78404 44482 96540 93073 18149 17332 58134 89895 105763 58160 116726 90183 83800 59197 80321 85216 105018 120415 120660 91900 55167 139326 81635 54968 98982 56047 69927 111027 139177 111368 20057 105999 30086 90361 87948 71692 24624 65704 83660 109968 70025 87424 92337 79651 93183 39839 74197 98053 85996 92615 90506 57013 31931 49677 90678 81948 20327 71692 16269 91511 78815 73746 73927 19046 89707 20761 44328 88562 85684 120386 87662 70039 65046 20016 79149 115647 81573 71488 85996 120936 120263 69489 48158 23893 32035 125661 60376 110671 110462 74184 39186 114702 16301 140516 36093 86375 106019 106019 101279 52462 82918 43604 81222 89272 86899 86280 96366 89451 73930 110197 51411 108288 20761 84551 102957 68039 78613 152454
64559 86757 67573 43399 37931 83054 42524 41344 43136 77115 64506 42834 43297 60944 67116 54702 71530 53036 60766 65400 30682 42678 83888 89102 85090 93229 93344 85087 84048 75665 0 78468 49000 65341 28532 85327 93334 74131 61748 43399 98446 48963 44871 56551 22652 45981 93473 9480 47382 100718 68847 40846 34007 45380 82072 294 95551 42360 101375 92335 61227 50311 85647 84562 46311 49440 66552 51499 73965 56767 39464 46946 35455 40880 94160 93241 77898 51420 22412 94405 24924 22621 69099 68329 26192 39244 94256 66448 84066 29613 81852 56945 45186 62050 50036 68507 110708 42424 5530 44663 26186 57741 16797 37480 62584 57795 9733 46383 57090 69295 92433 26039 47916 25237 56048 28360 82982 15911 47196 28453 60924 86431 50542 84158 38245 45801 42923 77625 44901 24192 24139 86328 100793 78681 38812 27416 9733 93762 83297 24607 28543 54792 93765 94395 30835 43108 38638 42746 76809 87898 83096 95595 76048 48753 29633 29633 24893 34137 40147 33484 38461 46510 48660 43519 57258 46690 26266 42781 24281 66214 84158 40215 26571 60880 47407 105561
27600 39016 37669 36421 48903 43658 42922 59291 39075 42440 27771 57203 36882 31449 79434 73774 44214 46471 46493 26715 51072 37475 118121 108855 103137 112072 35096 116025 112443 121230 78468 0 43682 73478 50510 97431 82745 82310 18740 36421 67130 34895 53898 32174 59722 52191 34911 82641 75943 73441 96718 42065 64477 76961 93688 79241 72806 70541 81252 109304 31070 31363 118767 117359 71865 34183 22315 70571 10552 40869 39458 72729 45111 39595 66597 53395 1110 33027 68184 35953 59463 68394 41970 78425 53422 62251 35805 27778 114155 76235 109441 40181 35181 63021 95279 69478 90585 57254 76599 34581 67525 51235 79401 84006 63555 27723 82894 40345 41911 79414 115472 73837 32887 59482 101613 50286 118363 82745 46345 50632 61895 118843 35132 113879 76826 32699 36198 12835 35699 54265 58965 119647 82429 37341 41326 51758 82894 51997 28596 54342 75721 100515 117092 48731 61306 57400 61028 50438 101664 62233 118395 37889 130237 37751 76080 76080 78412 69799 41425 81047 41269 33817 37228 35912 28628 34146 54901 57483 75093 19963 113879 42711 72805 65246 48800 49081
22409 62598 47960 21992 11387 58896 10498 24884 24278 55652 22355 22795 22553 39462 67471 61811 54459 39263 43726 23249 24049 23180 106873 96891 91174 100108 64895 104971 98905 100671 49000 43682 0 61515 28496 85467 83129 71134 31659 21992 81376 27496 20928 34917 28359 22520 65024 46468 56459 84718 83180 16624 43919 57478 81725 48738 81445 51057 88580 97341 39745 27261 107520 106112 53299 28753 37841 58608 43876 39543 20413 56645 20919 18819 77090 69083 45237 30418 44164 52254 24176 44373 52029 66462 31386 25248 52106 24297 102907 41827 95902 38855 23263 51845 74721 58302 97913 22847 51474 22705 28790 47266 40666 61849 52379 33116 46163 9315 39755 67450 106483 50643 25740 24196 81055 28806 107116 44009 34471 27147 50719 107596 29697 102998 56267 21915 22235 47536 18885 32009 35459 108399 89756 53568 23547 29761 46163 69603 62838 32345 53042 79957 107815 70236 40747 22992 24683 36827 91142 70827 107148 53445 109678 29309 41673 41673 39994 49241 25604 57853 23196 24532 29216 21451 33584 24766 27615 23075 51219 36126 102998 17879 34387 53282 38022 65383
70023 57994 37929 41434 54047 54319 51417 81443 36733 52260 69970 79816 39272 39717 7161 15348 45505 25347 26936 70864 47262 38448 45832 36582 30864 39799 64581 43736 40075 60066 65341 73478 61515 0 42190 25158 35637 9447 52492 41434 57432 38925 76820 42821 54739 80619 64710 70083 23471 55308 23874 45012 34550 22875 21415 65513 55504 25010 46047 37031 40000 43086 46479 45071 23916 39402 48901 13841 62400 29775 43161 18394 44720 44460 53278 59185 72908 41068 42935 95187 56327 42736 41722 6152 42988 80970 95038 71912 41866 89402 35457 30343 40348 11626 44127 5638 52838 79911 60048 40346 66647 20125 78182 43783 14131 46572 70337 51603 29991 7141 43199 40920 41669 56640 40546 41450 46075 75780 27114 43505 13861 46555 39214 41590 34728 42739 41211 66060 42083 44924 46353 47358 44825 54056 37693 42374 70337 59706 59260 41291 39036 37941 44819 64431 38488 80613 80404 27707 29391 52188 46107 98202 78434 35882 89422 89422 86975 32246 35853 45357 39217 41869 36406 40143 44885 41294 46744 80139 42526 51578 41590 44381 80054 9175 25061 108315
38664 58799 40970 15441 17996 55096 18506 43111 15178 51852 38611 41484 15339 32986 46871 37103 44927 26434 34163 39505 5545 14720 81911 78473 74461 82600 65386 80008 73942 72431 28532 50510 28496 42190 0 65279 66731 49907 33790 15441 71844 21005 38488 28593 13071 44505 65515 32705 29358 74115 58217 14367 15678 30346 61537 29305 68948 25827 74772 81705 33269 22353 82557 81149 28069 21482 38594 33900 46007 30165 12985 31415 8976 14401 67558 65283 49940 23462 18248 68510 14659 18457 42496 46274 3362 42638 68361 40553 77944 47734 70940 30342 17228 35447 46480 41904 84105 41579 26663 16705 24979 31138 36947 33921 35981 29837 32958 21985 30487 47262 81520 22715 19958 14972 52814 782 82153 38818 20593 1787 34321 82633 22584 78036 28027 17843 14965 49667 16943 4318 9018 83436 74190 50722 10854 1811 32958 65804 55339 4394 25114 51716 82852 66437 12507 42281 42072 16144 66179 61295 82185 69700 81438 20795 47754 47754 45740 21000 12199 29925 10503 18552 20702 15561 29300 18732 5076 41807 23970 38256 78036 13736 38386 34277 20804 81638
93976 92269 63012 65387 78000 85027 75370 105396 60686 77418 93923 103768 63224 67530 18851 34825 70663 49232 52018 94817 70352 62400 29238 11546 5828 14763 93017 26760 21550 45318 85327 97431 85467 25158 65279 0 34652 23340 76444 65387 59420 62877 100773 66774 81859 104572 93146 94713 44554 55421 18048 68965 59119 40317 11497 85499 55906 47724 33624 12734 67814 67039 28779 27632 46954 63354 76975 33815 90324 54857 67113 42336 68673 68413 60237 73507 96861 65021 64376 119139 86142 64177 66880 19166 72193 104922 118990 95865 25598 114846 16964 55426 64301 36784 47526 30796 38880 103864 79687 64299 96844 45207 102030 53391 39289 70525 94966 75555 55073 20129 18520 59339 65622 86456 44111 64540 29480 101144 51067 66594 39019 28369 63167 24652 47708 66691 65163 93983 66036 72305 70320 29659 34369 79139 61646 65464 94966 74782 84342 71755 57144 41339 18958 80108 62643 104566 104357 51660 9185 68047 29512 122155 81999 59835 114866 114866 110127 54729 59805 58336 63169 65822 60359 64095 68838 65246 69834 104092 61073 79501 24652 68333 110486 33128 49014 132267
87680 57970 46811 63048 75661 50727 73032 103057 58348 50462 87851 101430 60886 51912 31005 45642 44560 44535 41440 86794 69196 60062 63351 44984 39847 44817 70072 60874 55664 79432 93334 82745 83129 35637 66731 34652 0 26333 65809 63048 36475 57620 98434 53178 79280 102234 70201 97506 52800 32476 48678 66626 63952 51107 25749 94107 32960 57685 10527 40941 52195 58974 62893 61746 53867 57475 61691 44633 74120 45184 64775 49185 66335 66074 37292 50562 81643 56552 74611 114653 80868 74249 44167 30053 67529 102584 114504 87858 59711 111976 51078 47580 61962 32163 76962 31304 19425 101525 91465 61960 89221 39313 102724 69454 31583 57252 97759 73217 47078 27800 51959 72031 60527 81182 73380 65992 63594 103203 48728 68046 32654 62483 55658 58765 60400 64353 62825 77779 63698 69465 72323 63772 9305 58921 59308 66916 97759 51837 65686 69352 69836 70775 52397 57163 64787 102228 102018 49224 40213 45102 63626 114922 111269 56709 111996 111996 111517 65883 57467 71028 60831 62298 57233 61757 56466 61860 71286 101754 73765 63297 58765 65995 102628 42678 45889 127781
